652 3
993
2211 7
3468
5282 13
5358
6260 16
7123
13687 40
13763
14666 43
14742
15653 46
15729
16640 49
16716
19432 52
19449 54
19477 56
19496 58
19516 52
19733
20033 54
20134
21346 58
21667 56
21951 58
22172 56
22292 58
23688 56
23926 58
23968
24268 56
24394
25606 56
26207 54
26381 56
27048 54
27099
28611 56
33420
41947 104
41966
42271 105
42403
43014 107
43090
43997 110
44073
44984 113
45060
45674 115
45716
46026 115
46235 116
46504
46814 117
47070
49182 105
49294
49904 105
57024
59745 105
62038
64793 144
65376
67827 152
68005
70147 159
70185
71719 164
72709
74562 170
74602
75208 172
75252
75858 174
75919
76525 176
76665
77279 178
77381
