652 3
993
2211 7
3520
5334 13
5410
6312 16
7169
13733 40
13809
14712 43
14788
15699 46
15775
16686 49
16762
19478 52
19495 54
19523 56
19542 58
19562 52
19779
21291 54
21303 58
21384 54
21461 56
21592 54
21677 56
21950 58
23795 56
24159 58
24213
25725 56
26923 54
26967
27872 56
27942
28249 56
28319
28619 56
33357
41884 104
41903
42208 105
42340
42951 107
43027
43632 105
43744
44046 110
44122
44727 105
46477
46783 113
46859
47473 115
47724
48034 105
48115 116
48157 105
48601 116
48828
49138 117
49394 105
49750
50050 105
50352
50952 105
51164
52071 105
52338
52948 105
52983
53283 105
53454
58935 144
59518
61969 152
62147
64289 159
64327
65861 164
66847
68700 170
69102
70730 172
71133
