652 3
993
2211 7
3476
5290 13
5366
6268 16
7125
13689 40
13765
14668 43
14744
15655 46
15731
16642 49
16718
19434 52
19451 54
19479 56
19498 58
19518 52
19735
21247 58
21328 54
21502 56
21906 58
22146 56
22384 58
23989 56
24115 58
24169
25681 56
26665 54
26709
28221 56
33313
41840 104
41859
42164 105
42296
42907 107
42983 105
43095
43399 105
45149
45752 110
45828
46433 105
47314
47620 113
47696
48310 105
48612 115
48863 105
49075
49385 116
49654
49964 117
50220 105
50487
50787 105
50993
58891 144
59474
61925 152
62103
64245 159
64283
65817 164
66803
68664 170
68766
69372 172
69442
71070 174
71140
