948 3
1289
2507 7
3816
5630 13
5706
6608 16
7465
14029 40
14105
15008 43
15084
15995 46
16071
16982 49
17058
19774 52
19791 54
19819 56
19838 58
19858 52
20075
21587 54
21599 58
21680 54
21842 58
22303 56
22434 58
23830 56
24341 58
24383
25288 56
25414
26021 56
26622 54
26666
28178 56
33653
42180 104
42199
42504 105
42636
43247 107
43323
43627 105
43739
44342 110
44418 105
46168
46773 105
47069
47375 105
47604 113
47680
47984 105
48221
48531 105
48650 115
48901
49211 116
49480 105
49679
49989 105
50092 117
50348 105
50560
50860 105
51127
52027 105
52233
59231 144
59814
62265 152
62443
64585 159
64623
66157 164
67143
68996 170
69036
69642 172
69686
70292 174
70341
70947 176
71075
