652 3
993
2211 7
3520
5334 13
5410
6312 16
7169
13733 40
13809
14712 43
14788
15699 46
15775
16686 49
16762
19478 52
19495 54
19523 56
19542 58
19562 52
19779
21291 54
21465 56
22107 58
22119 56
22498 58
22567 56
22915 58
24814
26326 54
26369
27881 56
33356
41883 104
41902
42207 105
42339
42950 107
43026
43933 110
44009
44920 113
44996
45610 105
45722 115
45973
46283 116
46552 105
48302
48612 117
48868
50068 105
50593
51200 105
51556
52771 105
52970
53270 105
53373
53673 105
53885
54499 105
54766
55973 105
56179
58934 144
59517
61968 152
62146
64288 159
64326
65860 164
66846
68699 170
68739
69345 172
69389
69995 174
70056
70662 176
70802
71416 178
71518
